t	f1	f2	f3	f4
31.5289	0.0174614313413	0.00747670790347	0.00917234256887	0.000472213378503
31.6316	-0.0117130806451	0.00888188165066	0.0156629403549	0.000562749071872
31.7343	0.0691236402181	0.0303846992032	0.022805049632	0.000653374768853
31.837	0.037266964901	0.0567289618738	0.029580288073	0.000739218661468
31.9397	0.113085197686	0.0414964883455	0.0346395745947	0.00081521162921
32.0424	-0.112246948495	0.0287816527139	0.0381374399626	0.000878266988246
32.1451	0.16857240628	0.0481760163473	0.0403216101563	0.000926143366639
32.2478	-0.0266589045444	0.0422940955505	0.0405435850369	0.000956637475562
32.3505	0.0578003857758	0.0360097217497	0.039321706857	0.000969728926398
32.4532	0.0802060323193	0.033269389034	0.0371974877562	0.000966401196603
32.5559	-0.0814931529172	0.0266142077598	0.0344850947977	0.000948256292802
32.6586	0.138413906324	0.0294469213334	0.0316553735834	0.000917701613259
32.7613	-0.0778279074035	0.0326953860025	0.0289111727635	0.00087729205708
32.864	0.163495894969	0.050533003552	0.0264090577941	0.000829711995151
32.9667	-0.00224528838825	0.0324585271946	0.0235085697436	0.000776814971297
33.0694	0.0202228997984	0.00475323255726	0.0206212146618	0.000721309643183
33.1721	-0.0832717798318	0.0048962055573	0.0183736874477	0.000665801162371
33.2748	0.128025373321	0.0208250743848	0.016581962918	0.000611691911638
33.3775	-0.133565791086	0.0173274007163	0.0147119258408	0.000559626045632
33.4802	0.223138383974	0.0153479367454	0.0130560999	0.000510690998298
33.5829	-0.17736290963	0.00724123165159	0.0117296714416	0.000465455497453
33.6856	0.185062968989	0.0272476628439	0.0109876805231	0.000424341191207
33.7883	-0.0537461129333	0.00798847484864	0.00991640295017	0.000386384567211
33.891	-0.088366482948	-0.0035285266158	0.00898783722695	0.000351865706864
33.9937	0.126788156897	0.0108953535875	0.00840402879103	0.000320711788736
34.0964	-0.114704883027	0.00119926286249	0.00758980692607	0.000292039408437
34.1991	0.10554647683	0.0145910122449	0.00704535871611	0.000266048157791
34.3018	0.042475921536	0.0211973316389	0.00640150621765	0.000242099363259
34.4045	-0.0613216461523	-0.0029957942914	0.00535602769155	0.000219667650321
34.5072	0.0268153952539	-0.0037265734276	0.00464848945522	0.000199321626192
34.6099	-0.0346387832133	0.00557736454188	0.00421068920798	0.000180863026417
34.7126	0.0150041126988	0.00307796808705	0.00369196306137	0.000163840215458
34.8153	0.0252059092624	0.00430646445279	0.00327559453259	0.000148357694781
34.918	-0.0046329943262	0.0093609370077	0.00300637078411	0.000134390433994
35.0207	0.0455494467614	0.00553295623757	0.00264691859266	0.000121628199857
35.1234	-0.0570301778945	-0.00675328519831	0.00219147092947	0.000109987057559
35.2261	0.00172545395991	-0.00451527139735	0.00200462352978	9.97462489099e-05
35.3288	0.0133598323742	0.0115400821228	0.00205010019797	9.07722792683e-05
35.4315	0.031428781951	0.0103394998824	0.0018372182641	8.24684149965e-05
35.5342	-0.0150035731257	-0.00627808003705	0.00142806898809	7.4791968091e-05
35.6369	-0.011507139004	-0.00426034589556	0.00134383572426	6.81637112713e-05
35.7396	0.00295999733838	0.00318228875558	0.00139564748639	6.22973623679e-05
35.8423	0.00404420765637	0.00327323303309	0.00131892065308	5.68404883367e-05
35.945	0.00163230205485	0.00139180081905	0.00117837671928	5.17869093891e-05
36.0477	0.00804422473522	0.00263190979724	0.00106870367458	4.71778241639e-05
36.1504	-0.000113396918608	-0.00122815250559	0.000930671867166	4.2916653043e-05
36.2531	-0.000170061805008	0.00551521022706	0.000910578642754	3.91266395747e-05
36.3558	0.000661537831375	0.00173257484607	0.000716678038881	3.55047100512e-05
36.4585	0.0056979835799	-0.00671703343996	0.00045248840546	3.21538875861e-05
36.5612	-0.0520719653769	-0.003521188723	0.000408845029016	2.93698148801e-05
36.6639	0.0949414276818	0.00863691640018	0.000515433780362	2.70837813141e-05
36.7666	-0.0779644328299	0.000303521938048	0.000376999805618	2.48967422341e-05
36.8693	0.0582778269402	-0.00201587542424	0.000303794752053	2.31103314889e-05
36.972	-0.0589230442894	0.0014937406218	0.000334459153211	2.17466416852e-05
37.0747	0.046199412235	0.00184480837051	0.000335956456493	2.06470051023e-05
37.1774	-0.0244575660782	-0.00127465615501	0.000282875479333	1.9754441904e-05
37.2801	0.00426768550191	-0.000328556739294	0.000268654726121	1.91286983661e-05
37.3828	0.0320323099239	2.08718682182e-05	0.000271789133067	1.87158148776e-05
37.4855	-0.0492088251672	0.00115616498048	0.00028603787076	1.84812312966e-05
37.5882	0.0521448752192	6.60255449647e-06	0.000245651487798	1.83390241303e-05
37.6909	-0.0635868568985	-0.00341645594968	0.000200316834839	1.8330241692e-05
37.7936	0.0373762933531	0.00400082263222	0.000297060594451	1.86024155417e-05
37.8963	0.00531385101059	0.00308710251597	0.000261614618076	1.88867969997e-05
37.999	-0.0214657148944	-0.00198428609209	0.000138979806171	1.92359402524e-05
38.1017	0.0474001983971	0.00115951116971	0.000105769563816	1.98281765559e-05
38.2044	-0.0480404652883	-0.00132988970615	-9.67314223042e-06	2.04791206621e-05
38.3071	0.0317225048453	-0.00296135246075	-0.000154076436512	2.12150947466e-05
38.4098	-0.0326968255233	-0.00202396251571	-0.000243606835226	2.20884258219e-05
38.5125	-0.00662142338397	-0.000136841654416	-0.000226636307528	2.31358434519e-05
38.6152	0.0396297897786	0.00575519755533	-4.5950746246e-05	2.44543319833e-05
38.7179	-0.0534132790157	0.00258097716354	0.000158776295545	2.60537535191e-05
38.8206	0.0954346238521	0.00365925518726	0.000498595186367	2.83697849596e-05
38.9233	-0.0872497237951	-0.00320326250227	0.000755189790151	3.17469993429e-05
39.026	0.0781585398467	-0.00512906195942	0.000909378621382	3.70153837125e-05
39.1287	-0.0877178067892	-0.00790400323944	0.000773060736873	4.51370027049e-05
39.2314	0.0328089072721	0.00130199754085	0.000365476264385	5.75456912086e-05
39.3341	-0.00968015044853	0.00207115338038	-0.000549023709703	7.55884606509e-05
39.4368	-0.025718420525	0.00778416501074	-0.0016679458917	0.000101162617125
39.5395	0.0993959316668	0.00750702034434	-0.00271776495772	0.000135942310892
39.6422	-0.0834949977673	0.00206662976788	-0.00317627124474	0.000181423065997
39.7449	0.109926850898	0.00089962218591	-0.00249534276923	0.000238474378868
39.8476	-0.117208476539	-0.0208574448639	-0.000529735654534	0.000306736970046
39.9503	-0.00552532394286	-0.0144799459931	0.0034760318183	0.000385543236623
